5, 7, 3, 0, 1, 6
NA, NA, -1, /2, +1, NA, NA
-7, NA, *3, NA, +2, +1, -1
+4, *2, -8, +3, -7, -1, +4
+9, -2, +5, -1, +9, NA, -2
/1, *7, NA, NA, +4, NA, NA
7, 5, 3, 0, 4, 4
-10, NA, NA, NA, -3
+1, NA, /1, NA, +6
*3, NA, *2, NA, +4
+9, +1, +2, +3, -2
*2, NA, NA, -1, +1
-1, +2, NA, NA, NA
NA, -3, +5, -3, NA
9, 9, 3, 0, 4, 8
-10, NA, NA, NA, -3, +1, +3, *2, -3
+1, NA, /1, NA, +6, NA, NA, +6, +6
*3, NA, *2, NA, +4, NA, NA, NA, +4
+9, +1, +2, +3, -2, NA, +3, NA, -2
*2, NA, NA, -1, +1, -3, -1, +1, +1
-1, +2, NA, NA, NA, NA, *2, NA, NA
NA, -3, +5, -3, NA, NA, -3, NA, NA
NA, NA, +4, +4, +1, NA, -3, NA, NA
NA, NA, -2, -2, *3, NA, -3, +7, NA